1
2
3
4
5
6
7
8
9
10
12
13
14
15
16
17
18
19
20
21
23
24
25
26
27
28
29
30
31
32
34
35
36
37
38
39
40
41
42
43
45
46
47
48
49
50
51
52
53
54
56
57
58
59
60
61
62
63
64
65
67
68
69
70
71
72
73
74
75
76
78
79
80
81
82
83
84
85
86
87
89
90
91
92
93
94
95
96
97
98
102
103
104
105
106
107
108
109
120
123
124
125
126
127
128
129
130
132
134
135
136
137
138
139
140
142
143
145
146
147
148
149
150
152
153
154
156
157
158
159
160
162
163
164
165
167
168
169
170
172
173
174
175
176
178
179
180
182
183
184
185
186
187
189
190
192
193
194
195
196
197
198
201
203
204
205
206
207
208
209
210
213
214
215
216
217
218
219
230
231
